4271
363636
1369
66666
1999
1624
2626
122455
0265831
3535
124578
1009
17011701
898989
12345678999
373737
12345678910111
2469
1025
112211
131313
951753
456321
1208
25252525
7239372098
5451025
696969
852456
147258
7722
1960
0001
1965
4121
143143
20002000
7734
199999
1971
666999
797979
22222
1124
1981
1117
484848
1221
66666666
1103
0987
606060
600237002
19691969
646464
1115
19741974
0123456
8675309
1031
1776
77777777
456789
515051
102720
2323
2055
1125
1993
011001
1235
404040
007007
1269
123098
555555
7007
0911
078798
154789
181818
1982
313131
2221121111
1839785
420247
2921
6669
1968
191919
5480017
1492
090909
1120
5677936789
1107
1121
1957
1220
123789
987654321
1104
454545
124038
2929
0001036092
420420
44444444
7779311
1214
5683
1983
102488
7777
1970
655321
112358
1313
1224
1411
1231
596
2501
4567
4226
123456789
314159
1027
1021
2005
8543852
456123
1209
55555
1985
123987
4545
1956
1102
121212
1972
1128
1222
1130
616161
741852
499285006
1012
71855711
99999
282828
1469
2369
1028
1973
0660
80083
1245
4040
6789
1988
336699
1111
1213
1126
1216
1975
1969
159141
169904967
969696
1122
0007
1228
393939
4321
1946
321123
8520
5000387
1018
151515
200295702
5858
535353
1717
252525
333666
51505150
0069
4444444
000401
0420
464646
223344
7890
19781978
1331
362436
777777
123948
14141414
1226
5151
1127
12344321
1218
000000
757575
2828
21122112
050505
5232
1219
1011
987987
1991
11235813
1995
053542
1478963
1911
1010
727272
434343
414141
1014
1990
1201
5551212
303030
778899
1818
112323234
2001
24242424
1958
100000
1950
236536
1432
666666
5678
1026
644300
123456
3000
1944
1966
5329
15487
1229
1996
1004
525252
3825
1113
134679
159753
179551
0000007
070462
1234567
1984
4554
5050
18436572
09876543
2233
17171717
4949
120676
737373
565656
420000
2121
5252
717171
2244
2313245442424242
19841984
1227
23232323
3636
12121212
1945
12345679
72271
2211
1797
321654
666777
2222222
000001
123457
7676
2580
020202
1204
7474
202020
789654
1439385
999999
4128
1223
616913
12341234
1979
3434
2002
747474
206
142536
2663
1954
868686
987456
01234567
7878
1023
17102
515151
200000
1515
87654321
2525
20012001
1812
030303
7777777
585858
474747
1989
5656
25802580
6996
494949
0815
13579
1943
370
1002
222333
1007
106187
505050
1022
2000
100100
1016
1236
2500
1000
098765
1962
171717
3333333
1914
111111
1234567890
24680
4441
1111111
5555555
4417
123654
767676
1994
99999999
1200
789789
292929
12312312
1015
9999999
2345
543210
1123
88888
44444
6969
753951
33333
555666
100993
8989
1114
1998
343434
123321
78945612
9999
311311
1980
2277
8888888
1230
246810
92791
4711
111222
1919
1024
2468
6464
1017
1205
000007
9876
142857
1414
050402
1233
262626
0123
2003
119053
1799329
567890
147852
1961
1976
112233
5454
123123
00000
4444
6666666
1952
5000
5353
2255
878787
234567
1900
222222
54321
159159
427900
7654321
1210
5291
1986
232323
11111
323232
33333333
1029
3234412
2928
987654
1030
1701
5555
3737
1942
12345678
159951
9898
0311
686868
8888
424242
13131313
1941
212121
1234
1003
54593
1112
1978
222777
332211
575757
0101
20202020
4747
4200
1008
626262
13576479
1215
353535
1101
187187
090305
654321
1013
196969
3232
90210
5150
01132781856
88888888
699015001
1217
11001001
101010
2010
98765432
1202
1997
818181
7894
456456
444444
2004
456654
1112223334
0000
1974
963852
4242
14725836
911911
636363
41999
1964
1987
1211
1949
135790
1955
2059641
789456
3333
1478
1992
5544332211
1129
2222
321321
3131
1019
3006
31415926
383838
1134
010203
1948
789987
10101010
81098
1225
102030
102938
1953
147147
2424
1234321
159357
6666
1005
69696969
445566
24682468
789123
123123123
11112222
00012
272727
010408
902100
21212121
515000
989898
98765
121314
888888
1138
2112
1947
4343
5757
787878
1967
5401
32939
753159
55555555
1977
1959
1892248023
010101
1357
3728
333333
1664
2020
141414
909090
161616
1207
12345
656565
1001
1212
14789632
1066
130610
22222222
635241
676767
242424
2727
1951
77777
1963
545454
202993
1060
1616
1020
369369
11111111
5432
5424
012345
3030
32
11223344
94932
